# Convert the temperature readings 32, 68, 14, 0, 113, 104, and 198 Fahrenheit to Celsius 
# using the formula C = 5/9 * (F - 32) in a vectorized manner.

F_values <- c(32, 68, 14, 0, 113, 104, 198)
C_values <- (5/9) * (F_values - 32)
